# Created by Octave 4.2.2, Wed Oct 27 14:17:08 2021 CST <fangnan@ggp100>
# name: score_list2
# type: matrix
# rows: 5
# columns: 1
 0.8350285340839598
 0.8469966261585824
 0.8410125801212711
 0.8410125801212711
 0.008462719063830596


