# Created by Octave 4.2.2, Wed Oct 27 14:17:08 2021 CST <fangnan@ggp100>
# name: score_list1
# type: matrix
# rows: 5
# columns: 1
 31.78089160687105
 32.72110388351211
 32.25099774519158
 32.25099774519158
 0.6648304765677402


