# Created by Octave 4.2.2, Wed Oct 27 14:17:08 2021 CST <fangnan@ggp100>
# name: score_list3
# type: matrix
# rows: 5
# columns: 1
 0.6492540255237529
 0.741195034553663
 0.6952245300387079
 0.6952245300387079
 0.06501211095418302


