# Created by Octave 4.2.2, Wed Oct 27 14:17:08 2021 CST <fangnan@ggp100>
# name: score_list5
# type: matrix
# rows: 5
# columns: 1
 0.6801242236024845
 0.958223162347964
 0.8191736929752242
 0.8191736929752242
 0.1966456454277109


