# Created by Octave 4.2.2, Wed Oct 27 14:17:08 2021 CST <fangnan@ggp100>
# name: score_list4
# type: matrix
# rows: 5
# columns: 1
 0.0006866666666666667
 0.001753333333333334
 0.00122
 0.00122
 0.0007542472332656508


